[banner_two.jpg]
filters=finetune2=1,0.000000,0.000000,0.112281,00000000,0.000000;PencilSketch=1,5.000000,102.923981,44.444447;
moddate=85027bc7eb3ad501
width=647
height=177
textactive=0
